       Accession     P4     P6     P7    P10     Type
1     SER10-0003  687.0  823.0 1129.0  986.0 Complete
2     SER10-0036   33.0   58.0   59.0   45.0 Complete
3     SER10-0037  392.0  371.0  819.0  509.0 Complete
4     SER10-0065   16.0   20.0   18.0   26.0 Complete
5     SER10-0066  456.0  545.0  958.0  766.0 Complete
6     SER10-0077   74.0  258.0  218.0  338.0 Complete
7     SER10-0085   79.0  209.0  292.0  327.0 Complete
8     SER10-0087  208.0  271.0  686.0  394.0 Complete
9     SER10-0088  100.0  250.0  352.0  251.0 Complete
10    SER10-0089   19.0   25.0   34.0   42.0 Complete
11    SER10-0106   16.0   18.0  612.0  213.0  Partial
12    SER10-0130   63.0  102.0  117.0  127.0 Complete
13    SER10-0188   50.0   79.0  128.0  105.0 Complete
14    SER10-0189  424.0  542.0 1071.0  654.0 Complete
15    SER10-0191  120.0  229.0 1165.0  114.0 Complete
16    SER10-0221   46.0   78.0  120.0  108.0 Complete
17    SER10-0229  371.0  613.0  912.0  555.0 Complete
18    SER10-0230   17.0   16.0   34.0   27.0 Complete
19    SER10-0231   26.0   65.0   59.0   60.0 Complete
20    SER10-0239   57.0  318.0  195.0  218.0 Complete
21    SER10-0241   19.0   23.0   37.0   34.0 Complete
22    SER10-0246   51.0   68.0   94.0   72.0 Complete
23    SER10-0254   32.0   69.0   75.0   68.0 Complete
24    SER10-0255  117.0  806.0 1137.0 1158.0 Complete
25    SER10-0256   18.0   36.0   32.0   41.0 Complete
26    SER10-0257   62.0   93.0  113.0  108.0 Complete
27    SER10-0260  235.0  436.0  744.0  485.0 Complete
28    SER10-0267   71.0  103.0  130.0  111.0 Complete
29    SER10-0268  333.0  705.0 1025.0  830.0 Complete
30    SER10-0280  293.0  435.0  723.0  556.0 Complete
31    SER10-0288   42.0   76.0   83.0   81.0 Complete
32    SER10-0320  286.0  530.0  782.0  631.0 Complete
33    SER10-0326   42.0   51.0  104.0   67.0 Complete
34    SER10-0339  334.0  487.0  828.0  533.0 Complete
35    SER10-0340   57.0   86.0   82.0   84.0 Complete
36    SER10-0349  318.0  290.0  648.0  508.0 Complete
37    SER10-0461  163.0  195.0  310.0  221.0 Complete
38    SER10-0462  723.0  814.0 1466.0  927.0 Complete
39    SER10-0463  446.0  499.0  898.0  632.0 Complete
40    SER10-0469   52.0   81.0  113.0   90.0 Complete
41    SER10-0470  601.0  644.0 1110.0  805.0 Complete
42    SER10-0471  553.0  586.0  966.0  837.0 Complete
43    SER10-0502   64.0   53.0   90.0   83.0 Complete
44    SER10-0507   24.0   44.0   52.0   46.0 Complete
45    SER10-0510   31.0   43.0   42.0   50.0 Complete
46    SER10-0514   28.0   25.0   37.0   50.0 Complete
47    SER10-0516   62.0   55.0   79.0   72.0 Complete
48    SER10-0546  594.0  659.0  925.0  602.0 Complete
49    SER10-0566   49.0   44.0  125.0   79.0 Complete
50    SER10-0609   60.0   22.0   73.0   64.0 Complete
51    SER10-0648   69.0   49.0  137.0  126.0 Complete
52    SER10-0693   29.0   66.0   70.0   41.0 Complete
53    SER10-0709  212.0  445.0  690.0  517.0 Complete
54    SER10-0727   45.0   84.0   89.0   63.0 Complete
55    SER10-0730   49.0   64.0  104.0  116.0 Complete
56    SER10-0773  113.0  385.0  869.0  559.0 Complete
57    SER10-0774  445.0  422.0  868.0  617.0 Complete
58    SER10-0775   19.0   30.0   55.0   53.0 Complete
59    SER10-0785   42.0   46.0   67.0   74.0 Complete
60    SER11-0003   39.0   69.0   99.0   60.0 Complete
61    SER11-0006   30.0   50.0   66.0   53.0 Complete
62    SER11-0012  300.0  310.0  614.0  425.0 Complete
63    SER11-0038  418.0  442.0  811.0  643.0 Complete
64    SER11-0039   46.0   77.0  101.0  100.0 Complete
65    SER11-0040    0.0    5.0    0.0  586.0  Partial
66    SER11-0058 1055.0   73.0  138.0  114.0 Complete
67    SER11-0060  578.0  647.0  253.0  641.0 Complete
68    SER11-0086  604.0  675.0  987.0  937.0 Complete
69    SER11-0087   37.0   61.0   94.0   66.0 Complete
70    SER11-0092   29.0   70.0  100.0  100.0 Complete
71    SER11-0094  211.0  439.0  866.0  582.0 Complete
72    SER11-0118  610.0  721.0 1077.0  805.0 Complete
73    SER11-0119   32.0   69.0  115.0   69.0 Complete
74    SER11-0125   10.0  103.0  550.0  209.0  Partial
75    SER11-0126   30.0   53.0  105.0   74.0 Complete
76    SER11-0127   52.0   96.0  108.0   94.0 Complete
77    SER11-0128   33.0   68.0  116.0   75.0 Complete
78    SER11-0134   33.0   60.0   99.0   76.0 Complete
79    SER11-0137   21.0   60.0   96.0   53.0 Complete
80    SER11-0139   43.0   58.0   86.0   94.0 Complete
81    SER11-0141  597.0  842.0 1257.0 1185.0 Complete
82    SER11-0142   52.0   94.0   96.0  109.0 Complete
83    SER11-0147  560.0  623.0 1094.0  762.0 Complete
84    SER11-0148   53.0   96.0   99.0  116.0 Complete
85    SER11-0243   33.0  208.0  312.0  207.0 Complete
86    SER11-0412   48.0   58.0   75.0   76.0 Complete
87    SER11-0413  488.0  469.0  848.0  674.0 Complete
88    SER11-0482   32.0   54.0   96.0   78.0 Complete
89    SER11-0483  123.0   86.0  195.0  240.0 Complete
90    SER11-0485   70.0   69.0   94.0  106.0 Complete
91    SER11-0541   67.0  106.0  155.0  133.0 Complete
92    SER11-0542  119.0  280.0  870.0  289.0 Complete
93    SER11-0565  704.0  826.0 1137.0  978.0 Complete
94    SER11-0566   32.0   68.0  100.0   70.0 Complete
95    SER11-0569   18.0   27.0   47.0   42.0 Complete
96    SER11-0821   23.0   38.0   50.0   48.0 Complete
97    SER11-0881   23.0  114.0  133.0  214.0 Complete
98    SER11-0942   32.0  431.0   66.0  450.0 Complete
99    SER11-0944   40.0   95.0  374.0  124.0 Complete
100   SER11-0948  296.0  340.0  706.0  450.0 Complete
101   SER11-1021   55.0   31.0   20.0   75.0 Complete
102   SER11-1056  105.0  172.0   69.0  152.0 Complete
103   SER11-1061   81.0  114.0  154.0  141.0 Complete
104   SER11-1081  197.0  337.0  684.0  240.0 Complete
105   SER11-1102   36.0  126.0   53.0  407.0 Complete
106   SER11-1281  223.0 1064.0   66.0    5.0  Partial
107   SER11-1285 1439.0 1602.0 2373.0 1888.0 Complete
108   SER11-1421    0.0    0.0  406.0    0.0  Partial
109   SER11-1462  100.0  309.0  190.0  320.0 Complete
110   SER11-1463    4.0   61.0  251.0   64.0  Partial
111   SER11-1482  202.0  149.0  351.0  108.0 Complete
112   SER11-1922  674.0  736.0 1290.0 1025.0 Complete
113   SER11-2196  316.0  354.0  443.0  463.0 Complete
114   SER11-2252    2.0    1.0    2.0 2982.0  Partial
115   SER11-2358  154.0    5.0  286.0  108.0  Partial
116   SER11-2425    0.0    6.0    0.0 1434.0  Partial
117   SER11-2435   65.0  296.0  785.0  275.0 Complete
118   SER11-2459   98.0  166.0  391.0  472.0 Complete
119   SER11-2466  185.0  274.0  588.0  322.0 Complete
120   SER11-2488  225.0  327.0  546.0  414.0 Complete
121   SER11-2497  211.0  224.0  350.0  406.0 Complete
122   SER11-2498  232.0  322.0  468.0  404.0 Complete
123   SER11-2547  431.0  454.0  782.0  670.0 Complete
124   SER12-0047  408.0  361.0  962.0  579.0 Complete
125   SER12-0050  487.0  656.0  982.0  909.0 Complete
126   SER12-0149  133.0  626.0  185.0  805.0 Complete
127   SER12-0198   28.0   44.0  170.0   75.0 Complete
128   SER12-0202   98.0  134.0  206.5  175.0 Complete
129   SER12-0243  525.0  612.5  943.0  873.0 Complete
130   SER12-0244  242.0  585.0  550.5  365.0 Complete
131   SER12-0254   99.0  134.0  192.0  148.0 Complete
132   SER12-0271    0.0   21.0    2.0  709.0  Partial
133   SER12-0274   80.0  572.0  868.0  989.0 Complete
134   SER12-0276  283.0  848.0  687.0 1009.0 Complete
135   SER12-0284    0.0 1315.0    0.0   12.5  Partial
136   SER12-0309  132.0  210.0  494.0  299.0 Complete
137   SER12-0654  165.0  298.0  578.0  279.0 Complete
138   SER12-0678  454.0  641.0    0.0   14.0  Partial
139   SER12-0679    0.0  605.0    0.0  759.0  Partial
140   SER12-0735  492.0    0.0   83.0    0.0  Partial
141   SER13-0013  413.0  514.0  991.0  735.0 Complete
142   SER13-0023  681.0  258.0  262.0  792.0 Complete
143   SER13-0024  404.0  479.0  711.0  635.0 Complete
144   SER13-0041  318.0  426.0  621.0  523.0 Complete
145   SER13-0056   62.0  103.0  207.0  131.0 Complete
146   SER13-0057  381.0  505.0  889.0  807.0 Complete
147   SER13-0092  160.0  217.0  448.0  347.0 Complete
148   SER13-0161   80.5  184.0  451.0  197.0 Complete
149   SER13-0304  235.0  476.0  510.0  548.0 Complete
150   SER13-0333  378.0  367.0  298.0  469.0 Complete
151   SER13-0408  255.0  347.0  295.0  231.0 Complete
152   SER13-0409    3.0 1031.0  147.0 1227.0  Partial
153   SER13-0419   92.0  230.0  541.0  426.0 Complete
154   SER13-0420   19.0   85.0  116.0  210.0 Complete
155   SER13-0527  137.0  156.0  383.0  251.0 Complete
156   SER13-0635 1105.0    1.0    0.0    1.0  Partial
157   SER13-0641    1.0 1211.0    2.0    7.0  Partial
158  SER14-00119  175.0  191.0  283.0  270.0 Complete
159  SER14-00138   39.0  282.0  309.0  260.0 Complete
160  SER14-00205   50.0   35.0  251.0  144.0 Complete
161  SER14-00294   42.0   55.0  322.0  189.0 Complete
162  SER14-00301  283.0  684.0 1142.0 1132.0 Complete
163  SER14-00306  464.0  570.0 1064.0  823.0 Complete
164  SER14-00311   33.0  163.0  285.0  215.0 Complete
165  SER14-00312  337.0  363.0  966.0  607.0 Complete
166  SER14-00503  101.0   85.0   73.0  240.0 Complete
167  SER14-00568  359.0  511.0  791.0  698.0 Complete
168  SER14-00900  190.0   75.0  116.0   42.0 Complete
169  SER15-00117   16.0   85.0  510.0   62.0 Complete
170  SER15-00118   50.0   88.0  829.0  239.0 Complete
171  SER15-00135  711.0  219.0  418.0  688.0 Complete
172  SER15-00204  357.0  385.0  847.0  484.0 Complete
173  SER15-00383  199.0  427.0 1058.0  532.0 Complete
174  SER15-00652  287.0  373.0  865.0  506.0 Complete
175  SER16-00008  112.0  137.0  997.0  202.0 Complete
176  SER16-00018  219.0  252.0 1047.5  405.0 Complete
177  SER16-00020   72.0  251.0  882.0  444.0 Complete
178  SER16-00026  147.0  287.0  564.0  252.0 Complete
179  SER16-00038   71.0  210.0  534.0  176.0 Complete
180  SER16-00042  273.0  480.0 1351.0  670.0 Complete
181  SER16-00048    1.0  149.0  547.0   90.0  Partial
182  SER16-00054   65.0  292.0  697.0  170.0 Complete
183  SER16-00055   68.0   88.0  447.0  129.0 Complete
184  SER16-00057   25.0  156.0  405.0  231.0 Complete
185  SER16-00061   45.0  151.0  417.0  108.0 Complete
186  SER16-00070    4.0    4.0  381.0   58.0  Partial
187  SER16-00094  273.0  455.0  759.0  525.0 Complete
188  SER16-00167  127.0  160.0  906.0  453.0 Complete
189  SER16-00179  271.0  326.0  934.0  708.0 Complete
190  SER16-00184   23.0  105.0   81.0  389.0 Complete
191  SER16-00185  179.0  837.0 1309.0 1278.0 Complete
192  SER16-00186  139.0  120.0  701.0  446.0 Complete
193  SER16-00295  217.0  295.0  881.0  418.0 Complete
194  SER16-00296  357.0  429.0  793.0  576.0 Complete
195  SER16-00337   38.0  139.0  465.0   71.0 Complete
196  SER16-00372  288.0  291.0  221.0  337.0 Complete
197  SER16-00389   23.0  147.0 1184.0  216.0 Complete
198  SER16-00473    1.0   47.5  368.0   43.0  Partial
199  SER16-00726  198.0  250.0  547.0  392.0 Complete
200  SER17-00028  318.0  471.0 1056.0  661.0 Complete
201  SER17-00045  281.0  414.0 1035.0  515.0 Complete
202  SER17-00046  229.0  336.0  732.0  501.0 Complete
203  SER17-00047  105.0  287.0 1509.0  390.0 Complete
204  SER17-00050   82.0  281.0 1271.0   87.0 Complete
205  SER17-00238  390.0  436.0  803.0  624.0 Complete
206  SER17-00260  399.0  469.0  990.0  701.0 Complete
207  SER17-00286  496.0  511.0 1146.0  752.0 Complete
208  SER17-00382    3.0  173.0  863.0  266.0  Partial
209  SER17-00383  155.0  231.0  574.0  333.0 Complete
210  SER17-00397  661.0  813.0 1271.0  969.0 Complete
211  SER17-00583  284.0  207.0  638.0  212.0 Complete
212  SER17-00595   31.0  128.0  990.0  220.0 Complete
213  SER18-00063  127.0  245.0 1150.0  412.0 Complete
214  SER18-00067   48.0  131.0 1230.0 1254.0 Complete
215  SER18-00077   22.0   28.0  162.0   84.0 Complete
216  SER18-00078  336.0   63.0   56.0  158.0 Complete
217  SER18-00080   93.0  162.0  605.0  416.0 Complete
218  SER18-00081  240.0  428.0  949.0  441.0 Complete
219  SER18-00082   34.0   71.0   97.0   73.0 Complete
220  SER18-00083  459.0  614.0  847.0  855.0 Complete
221  SER18-00084  286.0  400.0  396.0  583.0 Complete
222  SER18-00096   47.0  600.0  290.0  822.0 Complete
223  SER18-00098   87.0  125.0  303.0  188.0 Complete
224  SER18-00099  759.0  983.0 1637.0 1486.0 Complete
225  SER18-00115   17.0   47.0   51.0   45.0 Complete
226  SER18-00239  325.0  226.0   64.0  216.0 Complete
227  SER18-00241   37.0  113.0  108.0  169.0 Complete
228  SER18-00242  319.0  101.0  111.0  159.0 Complete
229  SER18-00244   31.0   51.0   67.0   73.0 Complete
230  SER18-00510   50.0   85.0  128.0  126.0 Complete
231  SER18-00667   18.0   22.0   62.0   44.0 Complete
232  SER18-00700   27.0   25.0   46.0   33.0 Complete
233  SER19-00018  349.0  381.0  786.0  415.0 Complete
234  SER19-00019    6.0  251.0  222.0  949.0  Partial
235  SER19-00020   43.0   59.0   79.0   96.0 Complete
236  SER19-00061   82.0   90.0  120.0  135.0 Complete
237  SER19-00062   65.0   78.0  106.0   84.0 Complete
238  SER19-00063   51.0   72.0  126.0   91.0 Complete
239  SER19-00064  121.0  147.0  233.0  163.0 Complete
240  SER19-00125   51.0   61.0  119.0  116.0 Complete
241  SER19-00126   35.0   52.0   82.0   56.0 Complete
242  SER19-00127   63.0   91.0  113.0  118.0 Complete
243  SER19-00128   43.0   43.0   76.0   55.0 Complete
244  SER19-00130  107.0   96.0  150.0  113.0 Complete
245  SER19-00131   57.0   68.0   98.0  105.0 Complete
246  SER19-00132    2.0 1436.0    0.0  866.0  Partial
247  SER19-00347  230.0  340.0  784.0  455.0 Complete
248  SER19-00348  442.0  548.0  890.5  639.0 Complete
249  SER19-00351  186.0    0.0 2124.0    3.0  Partial
250  SER19-00352  373.0  784.0  990.0    8.0  Partial
251  SER19-00356   50.0   72.0   96.0   99.0 Complete
252  SER19-00357  165.0  205.0  579.0  274.0 Complete
253  SER19-00358   51.0   68.0  100.0   92.0 Complete
254  SER19-00359  137.0  259.0  572.0  388.0 Complete
255  SER19-00360  291.0  319.0  636.0  520.0 Complete
256  SER19-00361  266.0  385.0  700.0  462.0 Complete
257  SER19-00362  390.0  374.0  601.0  550.0 Complete
258  SER19-00363   53.0   89.0  113.0   98.0 Complete
259  SER19-00364  217.0  361.0  573.0  395.0 Complete
260  SER19-00365   52.0   52.0  104.0   81.0 Complete
261  SER19-00367   99.0   96.0  184.0  125.0 Complete
262  SER19-00368  148.0  104.0  347.0  317.0 Complete
263  SER19-00369  198.0  207.0  353.0  308.0 Complete
264  SER19-00371   38.0  298.0  824.0  203.0 Complete
265  SER19-00373   36.0   30.0   66.0   44.0 Complete
266  SER19-00374  259.0  324.0  736.0  385.0 Complete
267  SER19-00375  349.0  400.0  945.0  615.0 Complete
268  SER19-00431  153.0  154.0  748.0  228.0 Complete
269  SER19-00433  274.0  315.0  757.0  382.0 Complete
270  SER19-00434  227.0  234.0  804.0  276.0 Complete
271  SER19-00438   24.0   82.0  770.0   65.0 Complete
272  SER19-00439  152.0  133.0  416.0   79.0 Complete
273  SER19-00440  401.0   98.0   38.0  499.0 Complete
274  SER19-00441  778.0 1044.0 1907.0  360.0  Partial
275  SER19-00442  162.0  341.0  639.0   11.0  Partial
276  SER19-00443  485.0  623.0  918.0   13.0  Partial
277  SER19-00448  375.0  580.0  873.0  586.0 Complete
278  SER19-00451  603.0  741.0 1475.0  731.0 Complete
279  SER19-00452  161.0  243.0  703.0  434.0 Complete
280  SER19-00453  121.0  144.0  467.0    2.0  Partial
281  SER19-00454   96.0  153.0  764.0  579.0 Complete
282  SER19-00456   30.0   87.0  100.0   73.0 Complete
283  SER19-00457   51.0   72.0  104.0   90.0 Complete
284  SER19-00458  534.0  618.0 1371.0  615.0 Complete
285  SER19-00882   43.0   73.0  100.0   81.0 Complete
286  SER19-00883  563.0  859.0 1251.0  944.0 Complete
287  SER19-00884  365.0  536.0  687.0  593.0 Complete
288  SER19-00885   51.0  114.0  383.0  321.0 Complete
289  SER19-00888   32.0   57.0  114.0   81.0 Complete
290  SER19-00889   43.0   25.0  126.0   81.0 Complete
291  SER19-00895  212.0 1174.0  663.0  749.0  Partial
292  SER19-00896   67.0  107.0  159.0  117.0 Complete
293  SER19-00897  494.0  681.0 1292.0  664.0 Complete
294  SER19-00898  325.0  410.0  692.0  521.0 Complete
295  SER19-00899  322.0  323.0  870.0  623.0 Complete
296  SER19-00904 1266.0 1135.0 2484.0 1761.0 Complete
297  SER19-00905  679.0  798.0 1782.0 1057.0 Complete
298  SER19-00907   56.0   60.0   75.0   80.0 Complete
299  SER19-00908  944.0  953.0 1969.0 1262.0 Complete
300  SER19-00909   69.0   48.0  115.0   92.0 Complete
301  SER19-00910 1309.0 1165.0 2797.0 1793.0 Complete
302  SER19-00911  771.0  765.0  843.0  858.0 Complete
303  SER19-00915   93.0   83.0  184.0   64.0 Complete
304  SER19-00916   80.0   72.0   86.0   93.0 Complete
305  SER19-00917   42.0   50.0  119.0   66.0 Complete
306  SER19-00919  688.0  758.0 1799.0  833.0 Complete
307  SER19-00922    0.0  595.0   90.0  715.0  Partial
308  SER19-00934  261.0  323.0  769.0  508.0 Complete
309  SER19-01038  224.0  457.0  817.0  522.0 Complete
310  SER19-01040  808.0 1009.0 1654.5 1256.0 Complete
311  SER19-01041   35.0   49.0   84.0   77.0 Complete
312  SER19-01042   44.0   83.0  117.0   59.0 Complete
313  SER19-01043   30.0   44.0   62.0   78.0 Complete
314  SER19-01078   60.0   85.0   75.0   99.0 Complete
315  SER19-01079   50.0   23.0   92.0   94.0 Complete
316  SER19-01143  803.0  845.0 1348.0  935.0 Complete
317  SER19-01176 1003.0 1202.0 2294.0 1647.0 Complete
318  SER19-01230  616.0  826.0 1834.0 1168.0 Complete
319  SER19-01231 1022.0  851.0 2030.0 1418.0 Complete
320  SER20-00007  296.0  355.0  408.0  479.0 Complete
321  SER20-00105  353.0  421.0  651.0  602.0 Complete
322  SER20-00106  161.0  210.0  442.0  194.0 Complete
323  SER20-00107  253.0  388.0  596.0  307.0 Complete
324  SER20-00108  318.0  426.0  616.0  535.0 Complete
325  SER20-00109  334.0  476.0  650.0  600.0 Complete
326  SER20-00171 2331.5 1978.0 4374.0 2301.0 Complete
327  SER20-00172  274.0  314.0  514.0  440.0 Complete
328  SER20-00173  232.0  300.0  471.0  828.0 Complete
329  SER20-00174  385.0  330.0  648.0  445.0 Complete
330  SER20-00175  350.0  401.0  546.0  545.0 Complete
331  SER20-00176  212.0  488.0  393.0  517.0 Complete
332  SER20-00177  400.5  499.0  705.0  469.0 Complete
333  SER20-00178  317.0  397.0  668.0  557.0 Complete
334  SER20-00179  223.0  328.0  577.0  375.0 Complete
335  SER20-00180  256.0  342.0  557.0  437.0 Complete
336  SER20-00181  309.0  476.0  150.0  579.0 Complete
337  SER20-00183  272.0  372.0  453.0  396.0 Complete
338  SER20-00260  257.0  323.0  498.0  417.0 Complete
339  SER20-00261  102.0  673.0  261.5  983.0 Complete
340  SER20-00262  372.0  767.0  212.0  785.0 Complete
341  SER20-00263  253.0  391.0  582.0  557.0 Complete
342  SER20-00264  392.0  447.0  562.0  590.0 Complete
343  SER20-00265  322.0  383.0  533.0  490.0 Complete
344  SER20-00266  292.0  404.0  622.0  534.0 Complete
345  SER20-00269   57.0  428.0  335.0  463.0 Complete
346  SER20-00270  218.0  324.0  389.0  427.0 Complete
347  SER20-00271   82.0  464.0  316.0  409.0 Complete
348  SER20-00273  183.0  410.0  500.0  559.0 Complete
349  SER20-00275  368.0  497.0  596.0  601.0 Complete
350  SER20-00322   80.0  485.0  369.0  642.0 Complete
351  SER20-00326  282.0  408.0  486.0  480.0 Complete
352  SER20-00359  177.0  554.0  437.0  594.0 Complete
353  SER20-00361  388.0  431.0  716.0  494.0 Complete
354  SER20-00362  334.0  405.0  962.0  317.0 Complete
355  SER20-00363 4470.0 4626.0 6837.0 4729.0 Complete
356  SER20-00364  248.0  274.0  512.0  417.0 Complete
357  SER20-00415  390.0  454.0  725.0  690.0 Complete
358  SER20-00418  436.0  524.0  668.5  654.0 Complete
359  SER20-00492  369.0  555.0  644.0  692.0 Complete
360  SER20-00553  273.0  346.0  454.0  398.0 Complete
361  SER20-00554  298.0  331.0  604.0  482.0 Complete
362  SER20-00673  371.0  499.0  733.0  593.0 Complete
363 SER20-00673F  240.0  445.0  600.0  441.0 Complete
364  SER21-00004  363.0  448.0  663.0  478.0 Complete
365  SER21-00005  298.0  314.0  550.0  426.0 Complete
366  SER21-00006  349.0  353.0  629.0  532.0 Complete
367  SER21-00066  394.0  404.0  706.0  548.0 Complete
368  SER21-00067  457.0  493.0  767.0  636.0 Complete
369  SER21-00169  380.0  505.0  766.0  653.0 Complete
370  SER21-00170  413.0  498.0  664.0  641.0 Complete
371  SER21-00171  396.0  444.0  573.0  611.0 Complete
372  SER21-00172  372.0  471.0  668.0  548.0 Complete
373  SER21-00174  363.0  450.0  677.0  594.0 Complete
374  SER21-00175  214.0  256.0  388.0  273.0 Complete
375  SER21-00176  177.0  232.0  340.0  244.0 Complete
376  SER21-00177  147.0  210.0  325.0  238.0 Complete
377  SER21-00178  190.0  275.0  378.0  294.0 Complete
378  SER21-00179  130.0  196.0  284.0  191.0 Complete
379  SER21-00792  215.0  251.0  308.0  339.0 Complete
380  SER21-00794  106.0  124.0  254.0  178.0 Complete
381  SER21-00796   36.0   85.0  130.0  125.0 Complete
382  SER21-00797   27.0   82.0  144.5   70.0 Complete
383  SER21-00798  183.0  206.0  362.0  286.0 Complete
384  SER21-00799   25.0  326.0   74.0  432.0 Complete
385  SER21-00800  221.0  249.0  360.0  302.0 Complete
386  SER21-00801  139.0  173.0  256.0  190.0 Complete
387  SER21-00802  159.0  172.0  282.0  290.0 Complete
388  SER21-00803  220.0  261.0  361.0  312.0 Complete
389  SER21-00804  162.0  173.0  310.0  215.0 Complete
390  SER21-00896   53.0   72.0  117.0   88.0 Complete
391  SER21-00897   64.0   67.0  105.0   87.0 Complete
392  SER21-00898   18.0   75.0   52.0   64.0 Complete
393  SER21-00899  182.0  189.0  374.0  295.0 Complete
394  SER21-00900   88.0   87.0  205.0  138.0 Complete
395  SER21-00932  258.0  269.0  470.0  381.0 Complete
396  SER21-00934  701.0  825.0 1678.0 1586.0 Complete
397  SER21-00936  441.0  572.0  997.0  805.0 Complete
398  SER21-00937  130.0  297.0  644.0  310.0 Complete
399  SER21-00938  150.0  221.0  391.0  282.0 Complete
400  SER21-00939  159.5  162.0  294.0  202.0 Complete
401  SER21-00940    2.0  100.0   90.0  133.0  Partial
402  SER21-00941  251.0  413.0  738.0  485.0 Complete
403  SER21-00942  127.0  164.0  381.0  217.0 Complete
404  SER21-00943  587.0  725.0 1138.0  720.0 Complete
405  SER21-01066  131.0  167.0  285.0  196.0 Complete
406  SER21-01098  213.0  187.0  382.0  314.0 Complete
407  SER21-01136  255.0  264.0  473.0  332.0 Complete
408  SER21-01138  128.0  203.0  393.0  267.0 Complete
409  SER21-01139  279.0  354.0  513.0  501.0 Complete
410  SER21-01140   84.0  119.0  271.0  116.0 Complete
411  SER21-01176  340.0  300.0  700.0  364.0 Complete
412  SER21-01177  653.0  650.0 1179.0  991.0 Complete
413  SER21-01210  105.0  173.0  212.0  202.0 Complete
414  SER21-01212  156.0  133.0  429.0  341.0 Complete
415  SER21-01213   19.0  104.0  122.0  143.0 Complete
416  SER21-01214  101.0   66.0  227.0  143.0 Complete
417  SER21-01279   89.0   83.0  176.0  133.0 Complete
418  SER21-01281   33.0   38.0   73.0   60.0 Complete
419  SER21-01282    4.0   95.0    1.0  138.0  Partial
